11: 0 44 45 46 51 53 
12: 0 44 45 51 52 53 54 86 172 195 196 
14: 0 44 45 51 52 93 195 
15: 0 44 45 49 52 54 86 93 170 171 172 195 196 197 
16: 0 44 45 46 48 50 53 
17: 0 45 49 50 53 54 86 172 196 197 198 
93: 0 44 45 90 120 170 171 172 195 196 197 198 
94: 0 44 168 169 170 171 172 195 196 
1011: 0 244 245 246 252 253 254 255 291 
1012: 0 244 245 246 392 394 
1014: 0 244 245 294 392 
1015: 0 244 245 249 253 255 286 294 358 374 375 391 392 394 398 
1016: 0 245 246 248 251 254 
1017: 0 245 249 251 254 255 285 286 394 395 
1093: 0 244 246 291 374 392 393 394 395 
1094: 0 244 289 336 358 374 375 376 391 392 393 394 395 
