1: 0 206 207 218 
2: 0 206 207 209 211 218 221 
3: 0 203 204 206 207 215 218 
4: 0 207 209 211 221 
5: 0 203 204 206 215 216 
6: 0 208 209 211 212 221 223 
7: 0 202 203 204 205 206 
8: 0 202 203 
9: 0 201 203 213 215 216 
10: 0 213 
11: 0 213 390 
12: 0 262 263 385 
13: 0 210 262 385 
14: 0 210 385 386 
15: 0 208 209 210 212 
16: 0 210 212 264 
17: 0 211 212 223 
18: 0 212 223 264 265 266 267 
19: 0 223 265 266 267 269 325 
20: 0 266 268 269 272 325 352 355 
21: 0 268 269 271 272 280 325 355 
22: 0 270 271 280 
23: 0 270 276 278 328 341 
24: 0 271 272 279 280 355 
25: 0 282 283 284 329 
26: 0 5 7 15 18 19 218 
27: 0 5 7 9 11 18 21 
28: 0 2 4 5 7 14 15 18 19 
29: 0 5 7 9 11 21 
30: 0 2 4 5 7 14 15 
31: 0 9 11 21 
32: 0 2 3 4 5 
33: 0 2 3 
34: 0 1 2 13 
35: 0 1 13 
36: 0 13 193 
37: 0 8 64 
38: 0 8 10 64 
39: 0 6 8 10 
40: 0 6 9 10 
41: 0 9 10 12 
42: 0 9 11 12 21 23 
43: 0 11 12 23 65 66 67 122 
44: 0 66 67 68 71 122 145 
45: 0 67 68 71 80 122 124 
46: 0 68 69 71 72 80 124 
47: 0 69 70 72 124 126 
48: 0 69 70 125 126 138 
49: 0 71 79 80 97 146 
50: 0 82 84 
